SIZES
  narena                14680064
  nbuffer               580224
  nplugin               0
  maxuse_stack          8904
  maxuse_arena          31960
  maxuse_con            4
  maxuse_efc            29
  solver_nisland        1
  ne                    7
  nf                    0
  nl                    0
  nefc                  23
  nnzJ                  414
  ncon                  4
  nisland               0
  threadpool            0

TIMER
    0:  duration =  0.11       number = 1
    1:  duration =  0.15       number = 1
    2:  duration =  0          number = 0
    3:  duration =  0.19       number = 2
    4:  duration =  0.012      number = 2
    5:  duration =  0.0024     number = 2
    6:  duration =  0.038      number = 2
    7:  duration =  0.0066     number = 1
    8:  duration =  0.023      number = 2
    9:  duration =  0.0061     number = 2
    10:  duration =  0.14       number = 2
    11:  duration =  0.022      number = 2
    12:  duration =  0.00047    number = 2
    13:  duration =  0.032      number = 2
    14:  duration =  0.045      number = 2

SOLVER STAT
  solver_nisland = 1
  solver_fwdinv =   0         0       
  ISLAND 0
    solver_niter = 1
    solver_nnz = 324
      0:  improvement =  1.1e-10     gradient =  1.5e-17     lineslope =  0       
          nactive = 23   nchange = 0   neval = 2   nupdate = 0

ENERGY =   0         0       

TIME =  0.94    

QPOS
   0.25    
  -0.2     
   2       
   0.65    
   1.6     
   0.25    
   0.0067  
   0.0065  
   0.0071  
   0.0067  
   0.0065  
   0.0071  
   0.5     
  -1.2e-19 
  -1.1e-05 
   1       
   4.1e-17 
  -7.9e-19 
  -3.2e-19 

QVEL
   1e-05   
   4e-06   
   3e-05   
   2.6e-05 
   8e-09   
   1e-05   
   3.2e-06 
   3.1e-06 
   3.3e-06 
   3e-06   
   2.9e-06 
   3.2e-06 
   1.9e-18 
  -5.7e-18 
   4.5e-16 
  -1e-15   
  -3.1e-16 
   1.3e-17 

QACC_WARMSTART
  -3.5e-05 
  -0.00047 
  -0.00046 
   1.7e-05 
  -6.9e-07 
  -3.5e-05 
  -8.4e-05 
  -0.00011 
  -0.00011 
  -7.9e-05 
  -0.0001  
  -0.00011 
   6.2e-17 
   3.9e-16 
  -1.1e-14 
   1.2e-13 
   2.6e-14 
   2.7e-15 

CTRL
   0       

QFRC_APPLIED
   0.00019 
   36      
  -24      
   3.1     
   0.011   
   2.2e-07 
   0       
   0       
   0       
   0       
   0       
   0       
   0       
   0       
   0       
   0       
   0       
   0       

XFRC_APPLIED
   0         0         0         0         0         0       
   0         0         0         0         0         0       
   0         0         0         0         0         0       
   0         0         0         0         0         0       
   0         0         0         0         0         0       
   0         0         0         0         0         0       
   0         0         0         0         0         0       
   0         0         0         0         0         0       
   0         0         0         0         0         0       
   0         0         0         0         0         0       
   0         0         0         0         0         0       
   0         0         0         0         0         0       
   0         0         0         0         0         0       
   0         0         0         0         0         0       
   0         0         0         0         0         0       
   0         0         0         0         0         0       
   0         0         0         0         0         0       
   0         0         0         0         0         0       
   0         0         0         0         0         0       
   0         0         0         0         0         0       

EQ_ACTIVE             1 1 1

MOCAP_POS
   0.5       0         0       

MOCAP_QUAT
   1         0         0         0       

QACC
  -3.5e-05 
  -0.00047 
  -0.00046 
   1.7e-05 
  -6.9e-07 
  -3.5e-05 
  -8.4e-05 
  -0.00011 
  -0.00011 
  -7.9e-05 
  -0.0001  
  -0.00011 
   6.2e-17 
   3.9e-16 
  -1.1e-14 
   1.2e-13 
   2.6e-14 
   2.7e-15 

XPOS
   0         0         0       
   0.5       0         0       
   0         0         0       
   0         0         0       
   0         0         0.043   
   0.015    -0.06      0.12    
   0.096    -0.04      0.52    
   0.39      0.016     0.29    
   0.46     -0.01      0.29    
   0.5      -4.2e-07   0.23    
   0.5      -4.2e-07   0.2     
   0.5      -4.2e-07   0.2     
   0.5      -4.2e-07   0.2     
   0.53     -0.016     0.094   
   0.51     -0.037     0.1     
   0.51     -0.076     0.063   
   0.47      0.016     0.094   
   0.49      0.037     0.1     
   0.49      0.076     0.063   
   0.5      -1.2e-19  -1.1e-05 

XQUAT
   1         0         0         0       
   1         0         0         0       
   1         0         0         0       
   1         0         0         0       
   0.99      0         0         0.12    
   0.99     -0.013     0.1       0.12    
   0.44     -0.11      0.89      0.054   
   0.7      -0.087     0.7       0.087   
   0.44      0.44      0.56      0.56    
   0.5       0.5       0.5       0.5     
  -3.3e-09   0.71      0.71     -3.7e-09 
   3.7e-09   0.71     -0.71     -3.3e-09 
   3.7e-09   0.71     -0.71     -3.3e-09 
   0.27      0.65     -0.65      0.27    
  -0.27      0.65     -0.65     -0.27    
   0.00018   0.71     -0.71      0.00018 
  -0.27      0.65      0.65      0.27    
  -0.27     -0.65     -0.65      0.27    
   0.00018  -0.71     -0.71     -0.00018 
   1         4.1e-17  -7.9e-19  -3.2e-19 

XMAT
   1         0         0         0         1         0         0         0         1       
   1         0         0         0         1         0         0         0         1       
   1         0         0         0         1         0         0         0         1       
   1         0         0         0         1         0         0         0         1       
   0.97     -0.24      0         0.24      0.97      0         0         0         1       
   0.95     -0.24      0.2       0.24      0.97      0.049    -0.2       0         0.98    
  -0.59     -0.24      0.77     -0.15      0.97      0.19     -0.8      -1.4e-17  -0.6     
  -9.4e-09  -0.24      0.97     -2.3e-09   0.97      0.24     -1         0        -9.7e-09 
  -0.24      9.8e-09   0.97      0.97      5.8e-10   0.24      1.8e-09   1        -9.7e-09 
   1.1e-09   9.8e-09   1         1         5.8e-10  -1.1e-09  -5.8e-10   1        -9.8e-09 
   1.1e-09   1        -9.8e-09   1        -1.1e-09  -5.8e-10  -5.8e-10  -9.8e-09  -1       
  -1.1e-09  -1        -9.8e-09  -1         1.1e-09  -5.8e-10   5.8e-10   9.8e-09  -1       
  -1.1e-09  -1        -9.8e-09  -1         1.1e-09  -5.8e-10   5.8e-10   9.8e-09  -1       
   6.1e-09  -1        -7.7e-09  -0.71      1.1e-09  -0.71      0.71      9.8e-09  -0.71    
  -7.7e-09  -1        -6.1e-09  -0.71      1.1e-09   0.71     -0.71      9.8e-09  -0.71    
  -1.1e-09  -1        -9.8e-09  -1         1.1e-09  -0.00051   0.00051   9.8e-09  -1       
   7.7e-09   1        -6.2e-09   0.71     -1.1e-09   0.71      0.71     -9.8e-09  -0.71    
  -6.2e-09   1        -7.7e-09   0.71     -1.1e-09  -0.71     -0.71     -9.8e-09  -0.71    
   1.1e-09   1        -9.8e-09   1        -1.1e-09   0.00051   0.00051  -9.8e-09  -1       
   1         6.4e-19  -1.6e-18  -6.4e-19   1        -8.1e-17   1.6e-18   8.1e-17   1       

XIPOS
   0         0         0       
   0.5       0         0       
   0         0         0       
   5.3e-09   0.0016    0.017   
   0.0013   -0.0052    0.11    
   0.073    -0.12      0.32    
   0.23      0.033     0.41    
   0.41     -0.018     0.29    
   0.5      -0.001     0.28    
   0.5      -4.2e-07   0.21    
   0.47     -4.2e-07   0.2     
   0.5      -4.2e-07   0.2     
   0.5       0.001     0.14    
   0.5      -0.035     0.074   
   0.5      -0.056     0.082   
   0.5      -0.058     0.046   
   0.5       0.035     0.074   
   0.5       0.056     0.082   
   0.5       0.058     0.046   
   0.5      -1.7e-18   0.02    

XIMAT
   1         0         0         0         1         0         0         0         1       
   1         0         0         0         1         0         0         0         1       
   1         0         0         0         1         0         0         0         1       
   2.8e-17  -1         0        -0.018     0        -1         1         0        -0.018   
   0.97     -0.24      0.037     0.24      0.96     -0.15      0         0.15      0.99    
   0.95     -0.24      0.2       0.24      0.97      0.049    -0.2      -3.5e-18   0.98    
  -0.59     -0.25      0.77     -0.15      0.97      0.2      -0.8       0.0056   -0.6     
  -9.4e-09  -0.069     1        -2.3e-09   1         0.069    -1        -1.7e-09  -9.5e-09 
  -0.24      0.96      0.17      0.97      0.24      0.043     1.8e-09   0.18     -0.98    
  -0.015    -1.1e-09   1         6e-10    -1        -1.1e-09   1         5.8e-10   0.015   
   1.1e-09  -9.8e-09  -1         1        -5.8e-10   1.1e-09  -5.8e-10  -1         9.8e-09 
   1.1e-09   1        -9.8e-09   1        -1.1e-09  -5.8e-10  -5.8e-10  -9.8e-09  -1       
  -1         0.034    -0.0013    0.034     1        -0.017     0.00068  -0.017    -1       
   6.1e-09  -1         4.8e-05  -0.71     -3.4e-05  -0.7       0.7      -3.4e-05  -0.71    
  -6.1e-09   1        -6.6e-05   0.71     -4.6e-05  -0.71     -0.71     -4.6e-05  -0.71    
  -1         5.3e-09  -8.3e-09   1.1e-09   0.9       0.44      9.8e-09   0.44     -0.9     
   7.7e-09   1        -4.8e-05   0.71      3.4e-05   0.7       0.7      -3.4e-05  -0.71    
  -7.7e-09  -1         6.6e-05  -0.71      4.6e-05   0.71     -0.71     -4.6e-05  -0.71    
   1         3.3e-09  -9.3e-09  -1.1e-09  -0.9      -0.44     -9.8e-09   0.44     -0.9     
   1         6.4e-19  -1.6e-18  -6.4e-19   1        -8.1e-17   1.6e-18   8.1e-17   1       

XANCHOR
   0         0         0.043   
   0.015    -0.06      0.12    
   0.096    -0.04      0.52    
   0.39      0.016     0.29    
   0.46     -0.01      0.29    
   0.5      -4.2e-07   0.23    
   0.53     -0.016     0.094   
   0.51     -0.037     0.1     
   0.51     -0.076     0.063   
   0.47      0.016     0.094   
   0.49      0.037     0.1     
   0.49      0.076     0.063   
   0.5      -1.2e-19  -1.1e-05 

XAXIS
   0         0         1       
   0.24     -0.97      0       
  -0.24      0.97      0       
   0.24     -0.97      1.4e-17 
   0.97      0.24     -9.7e-09 
  -9.8e-09  -5.8e-10  -1       
   1        -1.1e-09  -9.8e-09 
   1        -1.1e-09  -9.8e-09 
  -1         1.1e-09   9.8e-09 
  -1         1.1e-09   9.8e-09 
  -1         1.1e-09   9.8e-09 
   1        -1.1e-09  -9.8e-09 
   0         0         1       

GEOM_XPOS
   0         0         0       
   0.5       0         0       
   1e-07     0.049     0.026   
   4.9e-06   0.00089   0.02    
   4.4e-06   0.006     0.02    
  -0.0014    0.0056    0.18    
   0.0021   -0.0082    0.11    
   0.00084  -0.0034    0.13    
   0.087    -0.18      0.32    
   0.072    -0.12      0.32    
   0.039    -0.14      0.14    
   0.074    -0.13      0.32    
   0.11     -0.13      0.51    
   0.35      0.098     0.31    
   0.24      0.032     0.4     
   0.097    -0.011     0.51    
   0.24      0.04      0.4     
   0.37      0.08      0.3     
   0.37     -0.036     0.29    
   0.41     -0.016     0.29    
   0.39     -0.023     0.29    
   0.5       0.0007    0.33    
   0.49     -0.0016    0.28    
   0.5      -0.00075   0.3     
   0.5      -5.4e-05   0.22    
   0.54     -2e-07     0.23    
   0.5      -4.5e-07   0.22    
   0.54     -1.2e-06   0.23    
   0.5      -1.7e-06   0.22    
   0.5      -4.2e-07   0.2     
   0.5      -4.2e-07   0.2     
   0.5       0.0012    0.14    
   0.5       0.0012    0.14    
   0.5      -0.035     0.074   
   0.5      -0.035     0.074   
   0.5      -0.056     0.082   
   0.5      -0.056     0.082   
   0.5      -0.063     0.056   
   0.5      -0.063     0.056   
   0.5      -0.052     0.04    
   0.5      -0.052     0.04    
   0.5      -0.052     0.025   
   0.5      -0.052     0.025   
   0.5       0.035     0.074   
   0.5       0.035     0.074   
   0.5       0.056     0.082   
   0.5       0.056     0.082   
   0.5       0.063     0.056   
   0.5       0.063     0.056   
   0.5       0.052     0.04    
   0.5       0.052     0.04    
   0.5       0.052     0.025   
   0.5       0.052     0.025   
   0.5      -1.7e-18   0.02    

GEOM_XMAT
   1         0         0         0         1         0         0         0         1       
   1         0         0         0         1         0         0         0         1       
   0.00032  -1         0.0003    0.1      -0.00027  -0.99      0.99      0.00035   0.1     
   2.7e-05  -1        -0.006    -0.013     0.006    -1         1         0.0001   -0.013   
   2.7e-05  -1        -8.5e-05  -0.013     8.4e-05  -1         1         2.8e-05  -0.013   
  -0.18     -0.97      0.17      0.7      -0.24     -0.67      0.69      0.00065   0.72    
  -0.2      -0.97      0.14      0.8      -0.24     -0.55      0.57     -0.0012    0.82    
   0.97     -0.24     -0.011     0.24      0.97      0.045     7.9e-06  -0.046     1       
   0.95     -0.24      0.2       0.24      0.97      0.049    -0.2       8.6e-05   0.98    
   0.95     -0.24      0.2       0.24      0.97      0.049    -0.2       0         0.98    
   0.95      0.27      0.15      0.24     -0.31     -0.92     -0.2       0.91     -0.36    
   0.95     -0.24      0.2       0.24      0.97      0.049    -0.2       0         0.98    
   0.95      0.093     0.3       0.24      0.41     -0.88     -0.2       0.91      0.36    
  -0.59     -0.35      0.73     -0.15      0.93      0.33     -0.8       0.083    -0.6     
  -0.59     -0.26      0.77     -0.15      0.97      0.21     -0.8       0.014    -0.6     
  -0.49      0.59      0.64      0.85      0.15      0.51      0.21      0.8      -0.57    
  -0.59     -0.24      0.77     -0.15      0.97      0.19     -0.8      -1.4e-17  -0.6     
  -0.59      0.78      0.23     -0.15      0.17     -0.97     -0.8      -0.6       0.014   
  -0.19      0.0007    0.98      0.98     -0.0035    0.19      0.0035    1        -1.2e-05 
  -0.00012   0.19      0.98     -0.00041   0.98     -0.19     -1        -0.00042  -3.7e-05 
  -1.9e-05  -0.26      0.96     -3e-05     0.96      0.26     -1        -2.3e-05  -2.7e-05 
   0.97      0.24      0.048     0.24     -0.97      0.012     0.049    -0.00016  -1       
  -0.24      0.88      0.41      0.97      0.22      0.1      -0.00021   0.42     -0.91    
  -0.24      0.97     -0.022     0.97      0.24     -0.0055   -2.6e-05  -0.022    -1       
  -1.4e-06   1         0.00018  -0.003    -0.00018   1         1         8.8e-07   0.003   
   1         0.00042   0.00042   0.00042  -1         1.8e-07   0.00042   5.8e-10  -1       
  -0.0023    5.5e-05   1         5.9e-10  -1         5.5e-05   1         1.2e-07   0.0023  
   0.0003    9.8e-09   1         1         5.8e-10  -0.0003   -5.9e-10   1        -9.8e-09 
  -0.014     9.3e-05   1        -0.00012  -1         9.1e-05   1        -0.00012   0.014   
   0.0017    1        -1.1e-09  -5.8e-10  -1.1e-09  -1        -1         0.0017    5.8e-10 
   0.0017    1        -1.1e-09  -5.8e-10  -1.1e-09  -1        -1         0.0017    5.8e-10 
  -1         0.041    -0.004     0.042     1        -0.03      0.0028   -0.03     -1       
  -1         0.041    -0.004     0.042     1        -0.03      0.0028   -0.03     -1       
   6.1e-09  -1         4.8e-05  -0.71     -3.4e-05  -0.7       0.7      -3.4e-05  -0.71    
   6.1e-09  -1         4.8e-05  -0.71     -3.4e-05  -0.7       0.7      -3.4e-05  -0.71    
  -6.1e-09   1        -6.6e-05   0.71     -4.6e-05  -0.71     -0.71     -4.6e-05  -0.71    
  -6.1e-09   1        -6.6e-05   0.71     -4.6e-05  -0.71     -0.71     -4.6e-05  -0.71    
   6.3e-05   1         7.8e-06  -0.58      4.2e-05  -0.82     -0.82      4.7e-05   0.58    
   6.3e-05   1         7.8e-06  -0.58      4.2e-05  -0.82     -0.82      4.7e-05   0.58    
   1.8e-09  -9.7e-09   1        -0.96     -0.29     -1.1e-09   0.29     -0.96     -9.8e-09 
   1.8e-09  -9.7e-09   1        -0.96     -0.29     -1.1e-09   0.29     -0.96     -9.8e-09 
  -3.7e-09  -9.1e-09   1        -0.96      0.27     -1.1e-09  -0.27     -0.96     -9.8e-09 
  -3.7e-09  -9.1e-09   1        -0.96      0.27     -1.1e-09  -0.27     -0.96     -9.8e-09 
   7.7e-09   1        -4.8e-05   0.71      3.4e-05   0.7       0.7      -3.4e-05  -0.71    
   7.7e-09   1        -4.8e-05   0.71      3.4e-05   0.7       0.7      -3.4e-05  -0.71    
  -7.7e-09  -1         6.6e-05  -0.71      4.6e-05   0.71     -0.71     -4.6e-05  -0.71    
  -7.7e-09  -1         6.6e-05  -0.71      4.6e-05   0.71     -0.71     -4.6e-05  -0.71    
  -6.3e-05  -1        -7.8e-06   0.58     -4.2e-05   0.82     -0.82      4.7e-05   0.58    
  -6.3e-05  -1        -7.8e-06   0.58     -4.2e-05   0.82     -0.82      4.7e-05   0.58    
   3.9e-09  -9.1e-09  -1         0.96      0.29      1.1e-09   0.29     -0.96      9.8e-09 
   3.9e-09  -9.1e-09  -1         0.96      0.29      1.1e-09   0.29     -0.96      9.8e-09 
  -1.6e-09  -9.7e-09  -1         0.96     -0.27      1.1e-09  -0.27     -0.96      9.8e-09 
  -1.6e-09  -9.7e-09  -1         0.96     -0.27      1.1e-09  -0.27     -0.96      9.8e-09 
   1         6.4e-19  -1.6e-18  -6.4e-19   1        -8.1e-17   1.6e-18   8.1e-17   1       

SITE_XPOS
   0.5      -4.2e-07   0.2     
   0.5      -4.2e-07   8.5e-07 

SITE_XMAT
   1.1e-09   1        -9.8e-09   1        -1.1e-09  -5.8e-10  -5.8e-10  -9.8e-09  -1       
   1         1.1e-09   9.8e-09  -1.1e-09   1         5.8e-10  -9.8e-09  -5.8e-10   1       

LIGHT_XPOS
  -2        -1         3       
   2        -1         3       

LIGHT_XDIR
   0.67      0.33     -0.67    
  -0.67      0.33     -0.67    

SUBTREE_COM
   0.16     -0.042     0.28    
   0.5       0         0       
   0.16     -0.042     0.28    
   0.16     -0.042     0.28    
   0.17     -0.045     0.29    
   0.2      -0.053     0.33    
   0.33      0.017     0.33    
   0.47     -0.0053    0.23    
   0.5       4.6e-05   0.2     
   0.5       0.00077   0.14    
   0.5       0.00086   0.13    
   0.5       0.00086   0.13    
   0.5       0.001     0.14    
   0.5      -0.035     0.074   
   0.5      -0.057     0.062   
   0.5      -0.058     0.046   
   0.5       0.035     0.074   
   0.5       0.057     0.062   
   0.5       0.058     0.046   
   0.5      -1.7e-18   0.02    

CDOF
   0         0         1         0.042     0.16     -0       
   0.24     -0.97      0        -0.15     -0.037     0.14    
  -0.24      0.97      0        -0.24     -0.06     -0.06    
   0.24     -0.97      1.4e-17   0.018     0.0044   -0.24    
   0.97      0.24     -9.7e-09  -0.0044    0.018     0.042   
  -9.8e-09  -5.8e-10  -1        -0.042     0.34      2.2e-10 
   1        -1.1e-09  -9.8e-09  -4.6e-10  -0.18     -0.026   
   1        -1.1e-09  -9.8e-09  -2.5e-10  -0.17     -0.0056  
  -1         1.1e-09   9.8e-09  -8.8e-11   0.21     -0.033   
  -1         1.1e-09   9.8e-09   7.7e-10   0.18      0.058   
  -1         1.1e-09   9.8e-09   9.7e-10   0.17      0.079   
   1        -1.1e-09  -9.8e-09  -1.4e-09  -0.21     -0.12    
   0         0         0         1         0         0       
   0         0         0         0         1         0       
   0         0         0         0         0         1       
   1        -6.4e-19   1.6e-18  -1.3e-20  -0.02     -1.6e-18 
   6.4e-19   1         8.1e-17   0.02     -1.3e-20  -1e-36   
  -1.6e-18  -8.1e-17   1         1.9e-34   3.1e-20   2.5e-36 

CINERT
   0         0         0         0         0         0         0         0         0         0       
   4e-06     4e-06     4e-06     0         0         0         0         0         0         0.027   
   0         0         0         0         0         0        -0         0        -0         0       
   0.1       0.14      0.044     0.01     -0.059     0.016    -0.23      0.063    -0.37      1.4     
   0.12      0.21      0.11      0.023    -0.1       0.024    -0.63      0.15     -0.65      4       
   0.44      0.46      0.17     -0.069    -0.026     0.02     -0.87     -0.79      0.47      10      
   0.18      0.24      0.13     -0.047    -0.0063   -0.044     0.42      0.43      0.76      5.7     
   0.0021    0.078     0.078    -0.0073   -0.0055   -0.00052   0.3       0.029     0.022     1.2     
   0.0035    0.14      0.14     -0.017    -0.0031   -0.00036   0.4       0.049     0.0093    1.2     
   0.0012    0.023     0.023    -0.0028    0.004     0.0005    0.066     0.0081   -0.012     0.19    
   0         0         0         0         0         0         0         0        -0         0       
   0         0         0         0         0         0         0         0        -0         0       
   0.027     0.18      0.16     -0.019     0.058     0.0074    0.44      0.056    -0.17      1.3     
   0.0026    0.01      0.0075   -0.00017   0.0044    9.1e-05   0.022     0.00049  -0.013     0.064   
   0.0012    0.005     0.0038    0.00015   0.0021   -9.1e-05   0.011    -0.00045  -0.0062    0.032   
   0.0021    0.0066    0.0046    0.00021   0.0031   -0.00014   0.013    -0.00062  -0.0089    0.039   
   0.003     0.01      0.0079   -0.0017    0.0044    0.001     0.022     0.0049   -0.013     0.064   
   0.0015    0.005     0.0041   -0.0011    0.0021    0.00062   0.011     0.0032   -0.0062    0.032   
   0.0025    0.0066    0.005    -0.0013    0.0031    0.0009    0.013     0.0039   -0.0089    0.039   
   1.7e-05   1.7e-05   1.7e-05  -7.6e-40   0         0         0         0         0         0.064   

TEN_LENGTH
   0.0065  

TEN_MOMENT
   0         0         0         0         0         0         0         0.5       0         0         0.5       0         0         0         0         0         0         0       

TENDON 0: 0 wrap points

ACTUATOR_LENGTH
   0.0065  

ACTUATOR_MOMENT
   0         0         0         0         0         0         0         0.5       0         0         0.5       0         0         0         0         0         0         0       

CRB
   0         0         0         0         0         0         0         0         0         0       
   4e-06     4e-06     4e-06     0         0         0         0         0         0         0.027   
   0.89      1.5       0.89     -0.13     -0.12      0.026     8.6e-16  -1.7e-16   4.4e-16   26      
   0.89      1.5       0.89     -0.13     -0.12      0.026     8.6e-16  -1.7e-16   4.4e-16   26      
   0.79      1.4       0.85     -0.14     -0.061     0.0094    0.23     -0.063     0.37      24      
   0.66      1.2       0.74     -0.17      0.04     -0.015     0.85     -0.21      1         20      
   0.23      0.7       0.56     -0.097     0.067    -0.035     1.7       0.58      0.55      9.9     
   0.047     0.46      0.43     -0.05      0.073     0.0093    1.3       0.15     -0.21      4.2     
   0.045     0.38      0.35     -0.043     0.078     0.0099    1         0.13     -0.23      3       
   0.041     0.24      0.21     -0.026     0.082     0.01      0.6       0.076    -0.24      1.8     
   0.04      0.22      0.19     -0.023     0.078     0.0097    0.54      0.068    -0.23      1.6     
   0.04      0.22      0.19     -0.023     0.078     0.0097    0.54      0.068    -0.23      1.6     
   0.027     0.18      0.16     -0.019     0.058     0.0074    0.44      0.056    -0.17      1.3     
   0.0026    0.01      0.0075   -0.00017   0.0044    9.1e-05   0.022     0.00049  -0.013     0.064   
   0.0033    0.012     0.0084    0.00037   0.0052   -0.00023   0.024    -0.0011   -0.015     0.071   
   0.0021    0.0066    0.0046    0.00021   0.0031   -0.00014   0.013    -0.00062  -0.0089    0.039   
   0.003     0.01      0.0079   -0.0017    0.0044    0.001     0.022     0.0049   -0.013     0.064   
   0.004     0.012     0.009    -0.0024    0.0052    0.0015    0.024     0.0071   -0.015     0.071   
   0.0025    0.0066    0.005    -0.0013    0.0031    0.0009    0.013     0.0039   -0.0089    0.039   
   1.7e-05   1.7e-05   1.7e-05  -7.6e-40   0         0         0         0         0         0.064   

QM
   1.6      -0.37     -0.16      0.034     0.14     -0.002     0.00065   0.0014   -0.00032  -0.00065  -0.0014    0.00032   0         0         0         0         0         0       
  -0.37      2.6      -0.74      0.15      0.00079  -4.3e-05  -0.00055  -0.00064  -0.00033  -0.00061  -0.00078  -0.00032   0         0         0         0         0         0       
  -0.16     -0.74      1.3      -0.24     -0.0007   -0.00041   0.00033   0.00025   0.00034   0.00064   0.00093   0.0002    0         0         0         0         0         0       
   0.034     0.15     -0.24      0.08      0.00036   0.00015  -3.9e-05   3.7e-05  -0.0001   -0.00021  -0.00034  -3.7e-05   0         0         0         0         0         0       
   0.14      0.00079  -0.0007    0.00036   0.049    -0.00015   0.00033   0.00075  -0.00013  -0.00033  -0.00075   0.00013   0         0         0         0         0         0       
  -0.002    -4.3e-05  -0.00041   0.00015  -0.00015   0.0016    2.4e-10   2.1e-10  -3.5e-11   2.4e-10   2.1e-10  -3.5e-11   0         0         0         0         0         0       
   0.00065  -0.00055   0.00033  -3.9e-05   0.00033   2.4e-10   6.6e-05   0         0         0         0         0         0         0         0         0         0         0       
   0.0014   -0.00064   0.00025   3.7e-05   0.00075   2.1e-10   0         0.00018  -3.1e-05   0         0         0         0         0         0         0         0         0       
  -0.00032  -0.00033   0.00034  -0.0001   -0.00013  -3.5e-11   0        -3.1e-05   3.2e-05   0         0         0         0         0         0         0         0         0       
  -0.00065  -0.00061   0.00064  -0.00021  -0.00033   2.4e-10   0         0         0         6.6e-05   0         0         0         0         0         0         0         0       
  -0.0014   -0.00078   0.00093  -0.00034  -0.00075   2.1e-10   0         0         0         0         0.00018  -3.1e-05   0         0         0         0         0         0       
   0.00032  -0.00032   0.0002   -3.7e-05   0.00013  -3.5e-11   0         0         0         0        -3.1e-05   3.2e-05   0         0         0         0         0         0       
   0         0         0         0         0         0         0         0         0         0         0         0         0.064     0         0        -8.1e-22   0.0013    1.2e-35 
   0         0         0         0         0         0         0         0         0         0         0         0         0         0.064     0        -0.0013   -8.1e-22   2e-21   
   0         0         0         0         0         0         0         0         0         0         0         0         0         0         0.064    -1e-19    -6.6e-38   1.6e-37 
   0         0         0         0         0         0         0         0         0         0         0         0        -8.1e-22  -0.0013   -1e-19     4.3e-05  -2.9e-39  -4e-23   
   0         0         0         0         0         0         0         0         0         0         0         0         0.0013   -8.1e-22  -6.6e-38  -2.9e-39   4.3e-05   1.9e-37 
   0         0         0         0         0         0         0         0         0         0         0         0         1.2e-35   2e-21     1.6e-37  -4e-23     1.9e-37   1.7e-05 

QLD
   1        -0.21     -0.1       0.46      3.1      -1.2       9.8       7.2      -10       -9.8      -7.2       10        0         0         0         0         0         0       
  -0.21      2.2      -0.5       1.9      -0.0025   -0.027    -8.4      -6.4      -10       -9.2      -7.3      -10        0         0         0         0         0         0       
  -0.1      -0.5       0.58     -3         0.094    -0.25      4.9       3.8       10        9.6       7.5       6.3       0         0         0         0         0         0       
   0.46      1.9      -3         0.077    -0.052     0.094    -0.59     -0.4      -3.1      -3.1      -2.5      -1.1       0         0         0         0         0         0       
   3.1      -0.0025    0.094    -0.052     0.039    -0.09      5.1       4.1      -4        -5.1      -4.1       4         0         0         0         0         0         0       
  -1.2      -0.027    -0.25      0.094    -0.09      0.0016    3.6e-06   1.2e-06  -1.1e-06   3.6e-06   1.2e-06  -1.1e-06   0         0         0         0         0         0       
   9.8      -8.4       4.9      -0.59      5.1       3.6e-06   6.6e-05   0         0         0         0         0         0         0         0         0         0         0       
   7.2      -6.4       3.8      -0.4       4.1       1.2e-06   0         0.00015  -0.97      0         0         0         0         0         0         0         0         0       
  -10       -10        10       -3.1      -4        -1.1e-06   0        -0.97      3.2e-05   0         0         0         0         0         0         0         0         0       
  -9.8      -9.2       9.6      -3.1      -5.1       3.6e-06   0         0         0         6.6e-05   0         0         0         0         0         0         0         0       
  -7.2      -7.3       7.5      -2.5      -4.1       1.2e-06   0         0         0         0         0.00015  -0.97      0         0         0         0         0         0       
   10       -10        6.3      -1.1       4        -1.1e-06   0         0         0         0        -0.97      3.2e-05   0         0         0         0         0         0       
   0         0         0         0         0         0         0         0         0         0         0         0         0.026     1.2e-34  -5.2e-51  -1.9e-17   30        7.2e-31 
   0         0         0         0         0         0         0         0         0         0         0         0         1.2e-34   0.026    -4.9e-17  -30       -1.9e-17   1.2e-16 
   0         0         0         0         0         0         0         0         0         0         0         0        -5.2e-51  -4.9e-17   0.064    -2.4e-15  -1.5e-33   9.6e-33 
   0         0         0         0         0         0         0         0         0         0         0         0        -1.9e-17  -30       -2.4e-15   4.3e-05  -6.9e-35  -2.4e-18 
   0         0         0         0         0         0         0         0         0         0         0         0         30       -1.9e-17  -1.5e-33  -6.9e-35   4.3e-05   1.1e-32 
   0         0         0         0         0         0         0         0         0         0         0         0         7.2e-31   1.2e-16   9.6e-33  -2.4e-18   1.1e-32   1.7e-05 

QLDIAGINV
   0.95    
   0.46    
   1.7     
   13      
   26      
   6.2e+02 
   1.5e+04 
   6.6e+03 
   3.1e+04 
   1.5e+04 
   6.6e+03 
   3.1e+04 
   39      
   39      
   16      
   2.3e+04 
   2.3e+04 
   5.9e+04 

QLDIAGSQRTINV
   0.98    
   0.68    
   1.3     
   3.6     
   5.1     
   25      
   1.2e+02 
   81      
   1.8e+02 
   1.2e+02 
   81      
   1.8e+02 
   6.2     
   6.2     
   4       
   1.5e+02 
   1.5e+02 
   2.4e+02 

D_rownnz              12 12 12 12 12 12 7 8 8 7 8 8 6 6 6 6 6 6

D_rowadr              0 12 24 36 48 60 72 79 87 95 102 110 118 124 130 136 142 148

D_colind              0 1 2 3 4 5 6 7 8 9 10 11 0 1 2 3 4 5 6 7 8 9 10 11 0 1 2 3 4 5 6 7 8 9 10 11 0 1 2 3 4 5 6 7 8 9 10 11 0 1 2 3 4 5 6 7 8 9 10 11 0 1 2 3 4 5 6 7 8 9 10 11 0 1 2 3 4 5 6 0 1 2 3 4 5 7 8 0 1 2 3 4 5 7 8 0 1 2 3 4 5 9 0 1 2 3 4 5 10 11 0 1 2 3 4 5 10 11 12 13 14 15 16 17 12 13 14 15 16 17 12 13 14 15 16 17 12 13 14 15 16 17 12 13 14 15 16 17 12 13 14 15 16 17

B_rownnz              18 0 12 12 12 12 12 12 12 12 12 12 6 7 8 8 7 8 8 6

B_rowadr              0 18 18 30 42 54 66 78 90 102 114 126 138 144 151 159 167 174 182 190

B_colind              0 1 2 3 4 5 6 7 8 9 10 11 12 13 14 15 16 17 0 1 2 3 4 5 6 7 8 9 10 11 0 1 2 3 4 5 6 7 8 9 10 11 0 1 2 3 4 5 6 7 8 9 10 11 0 1 2 3 4 5 6 7 8 9 10 11 0 1 2 3 4 5 6 7 8 9 10 11 0 1 2 3 4 5 6 7 8 9 10 11 0 1 2 3 4 5 6 7 8 9 10 11 0 1 2 3 4 5 6 7 8 9 10 11 0 1 2 3 4 5 6 7 8 9 10 11 0 1 2 3 4 5 6 7 8 9 10 11 0 1 2 3 4 5 0 1 2 3 4 5 6 0 1 2 3 4 5 7 8 0 1 2 3 4 5 7 8 0 1 2 3 4 5 9 0 1 2 3 4 5 10 11 0 1 2 3 4 5 10 11 12 13 14 15 16 17

QDERIV
   0         0         0         0         0         0         0         0         0         0         0         0         0         0         0         0         0         0       
   0         0         0         0         0         0         0         0         0         0         0         0         0         0         0         0         0         0       
   0         0         0         0         0         0         0         0         0         0         0         0         0         0         0         0         0         0       
   0         0         0         0         0         0         0         0         0         0         0         0         0         0         0         0         0         0       
   0         0         0         0         0         0         0         0         0         0         0         0         0         0         0         0         0         0       
   0         0         0         0         0         0         0         0         0         0         0         0         0         0         0         0         0         0       
   0         0         0         0         0         0         0         0         0         0         0         0         0         0         0         0         0         0       
   0         0         0         0         0         0         0        -0.025     0         0         0         0         0         0         0         0         0         0       
   0         0         0         0         0         0         0         0         0         0         0         0         0         0         0         0         0         0       
   0         0         0         0         0         0         0         0         0         0         0         0         0         0         0         0         0         0       
   0         0         0         0         0         0         0         0         0         0        -0.025     0         0         0         0         0         0         0       
   0         0         0         0         0         0         0         0         0         0         0         0         0         0         0         0         0         0       
   0         0         0         0         0         0         0         0         0         0         0         0         0         0         0         0         0         0       
   0         0         0         0         0         0         0         0         0         0         0         0         0         0         0         0         0         0       
   0         0         0         0         0         0         0         0         0         0         0         0         0         0         0         0         0         0       
   0         0         0         0         0         0         0         0         0         0         0         0         0         0         0         0         0         0       
   0         0         0         0         0         0         0         0         0         0         0         0         0         0         0         0         0         0       
   0         0         0         0         0         0         0         0         0         0         0         0         0         0         0         0         0         0       

QLU
   0         0         0         0         0         0         0         0         0         0         0         0         0         0         0         0         0         0       
   0         0         0         0         0         0         0         0         0         0         0         0         0         0         0         0         0         0       
   0         0         0         0         0         0         0         0         0         0         0         0         0         0         0         0         0         0       
   0         0         0         0         0         0         0         0         0         0         0         0         0         0         0         0         0         0       
   0         0         0         0         0         0         0         0         0         0         0         0         0         0         0         0         0         0       
   0         0         0         0         0         0         0         0         0         0         0         0         0         0         0         0         0         0       
   0         0         0         0         0         0         0         0         0         0         0         0         0         0         0         0         0         0       
   0         0         0         0         0         0         0         0         0         0         0         0         0         0         0         0         0         0       
   0         0         0         0         0         0         0         0         0         0         0         0         0         0         0         0         0         0       
   0         0         0         0         0         0         0         0         0         0         0         0         0         0         0         0         0         0       
   0         0         0         0         0         0         0         0         0         0         0         0         0         0         0         0         0         0       
   0         0         0         0         0         0         0         0         0         0         0         0         0         0         0         0         0         0       
   0         0         0         0         0         0         0         0         0         0         0         0         0         0         0         0         0         0       
   0         0         0         0         0         0         0         0         0         0         0         0         0         0         0         0         0         0       
   0         0         0         0         0         0         0         0         0         0         0         0         0         0         0         0         0         0       
   0         0         0         0         0         0         0         0         0         0         0         0         0         0         0         0         0         0       
   0         0         0         0         0         0         0         0         0         0         0         0         0         0         0         0         0         0       
   0         0         0         0         0         0         0         0         0         0         0         0         0         0         0         0         0         0       

CONTACT
  0:
     dim           3
     geoms         //unnamed_geom_0 : unnamed_model//unnamed_geom_0
     exclude       0
     efc_address   7
     solref         0.02      1       
     solimp         0.9       0.95      0.001     0.5       2       
     dist          -1.1e-05 
     includemargin  0       
     pos            0.48     -0.02     -5.5e-06 
     frame          0         0         1         0         1         0        -1         0         0       
     friction       1         1         0.3       0.0001    0.0001  
     mu             0.32    
  1:
     dim           3
     geoms         //unnamed_geom_0 : unnamed_model//unnamed_geom_0
     exclude       0
     efc_address   11
     solref         0.02      1       
     solimp         0.9       0.95      0.001     0.5       2       
     dist          -1.1e-05 
     includemargin  0       
     pos            0.52     -0.02     -5.5e-06 
     frame          0         0         1         0         1         0        -1         0         0       
     friction       1         1         0.3       0.0001    0.0001  
     mu             0.32    
  2:
     dim           3
     geoms         //unnamed_geom_0 : unnamed_model//unnamed_geom_0
     exclude       0
     efc_address   15
     solref         0.02      1       
     solimp         0.9       0.95      0.001     0.5       2       
     dist          -1.1e-05 
     includemargin  0       
     pos            0.48      0.02     -5.5e-06 
     frame          0         0         1         0         1         0        -1         0         0       
     friction       1         1         0.3       0.0001    0.0001  
     mu             0.32    
  3:
     dim           3
     geoms         //unnamed_geom_0 : unnamed_model//unnamed_geom_0
     exclude       0
     efc_address   19
     solref         0.02      1       
     solimp         0.9       0.95      0.001     0.5       2       
     dist          -1.1e-05 
     includemargin  0       
     pos            0.52      0.02     -5.5e-06 
     frame          0         0         1         0         1         0        -1         0         0       
     friction       1         1         0.3       0.0001    0.0001  
     mu             0.32    

EFC_TYPE
  0
  0
  0
  0
  0
  0
  0
  6
  6
  6
  6
  6
  6
  6
  6
  6
  6
  6
  6
  6
  6
  6
  6

EFC_ID
  0
  0
  0
  1
  1
  1
  2
  0
  0
  0
  0
  1
  1
  1
  1
  2
  2
  2
  2
  3
  3
  3
  3

EFC_J
   1.1e-05   3.5e-06  -3.5e-06   3.5e-06  -8.8e-07  -1.1e-05   3.4e-10  -1.3e-10  -2.1e-10   0         0         0         0         0         0         0         0         0       
  -4.8e-14   8.8e-07  -8.8e-07   8.8e-07   3.5e-06   1.2e-14  -0.039     0.046    -0.0075    0         0         0         0         0         0         0         0         0       
   0        -2.6e-06   2.6e-06  -2.6e-06  -1e-05     1.1e-13   0.039    -0.018    -0.021     0         0         0         0         0         0         0         0         0       
  -1.1e-05   3.5e-06  -3.5e-06   3.5e-06  -8.8e-07   1.1e-05   0         0         0         4.2e-10  -2.3e-10  -1.9e-10   0         0         0         0         0         0       
  -2.4e-14   8.8e-07  -8.8e-07   8.8e-07   3.5e-06  -1.2e-14   0         0         0         0.039    -0.046     0.0075    0         0         0         0         0         0       
   0         2.6e-06  -2.6e-06   2.6e-06   1e-05    -1.1e-13   0         0         0         0.039    -0.018    -0.021     0         0         0         0         0         0       
   0         0         0         0         0         0         0         1         0         0        -1         0         0         0         0         0         0         0       
   0         0         0         0         0         0         0         0         0         0         0         0         0         1         1        -0.02      0.02     -0.02    
   0         0         0         0         0         0         0         0         0         0         0         0         0        -1         1        -0.02      0.02      0.02    
   0         0         0         0         0         0         0         0         0         0         0         0        -1         0         1        -0.02      0.02     -0.02    
   0         0         0         0         0         0         0         0         0         0         0         0         1         0         1        -0.02      0.02      0.02    
   0         0         0         0         0         0         0         0         0         0         0         0         0         1         1        -0.02     -0.02      0.02    
   0         0         0         0         0         0         0         0         0         0         0         0         0        -1         1        -0.02     -0.02     -0.02    
   0         0         0         0         0         0         0         0         0         0         0         0        -1         0         1        -0.02     -0.02     -0.02    
   0         0         0         0         0         0         0         0         0         0         0         0         1         0         1        -0.02     -0.02      0.02    
   0         0         0         0         0         0         0         0         0         0         0         0         0         1         1         0.02      0.02     -0.02    
   0         0         0         0         0         0         0         0         0         0         0         0         0        -1         1         0.02      0.02      0.02    
   0         0         0         0         0         0         0         0         0         0         0         0        -1         0         1         0.02      0.02      0.02    
   0         0         0         0         0         0         0         0         0         0         0         0         1         0         1         0.02      0.02     -0.02    
   0         0         0         0         0         0         0         0         0         0         0         0         0         1         1         0.02     -0.02      0.02    
   0         0         0         0         0         0         0         0         0         0         0         0         0        -1         1         0.02     -0.02     -0.02    
   0         0         0         0         0         0         0         0         0         0         0         0        -1         0         1         0.02     -0.02      0.02    
   0         0         0         0         0         0         0         0         0         0         0         0         1         0         1         0.02     -0.02     -0.02    

EFC_POS
  -4.8e-14 
  -1.1e-05 
  -3.6e-06 
  -2.4e-14 
   1.1e-05 
  -3.6e-06 
  -3.2e-09 
  -1.1e-05 
  -1.1e-05 
  -1.1e-05 
  -1.1e-05 
  -1.1e-05 
  -1.1e-05 
  -1.1e-05 
  -1.1e-05 
  -1.1e-05 
  -1.1e-05 
  -1.1e-05 
  -1.1e-05 
  -1.1e-05 
  -1.1e-05 
  -1.1e-05 
  -1.1e-05 

EFC_MARGIN
   0       
   0       
   0       
   0       
   0       
   0       
   0       
   0       
   0       
   0       
   0       
   0       
   0       
   0       
   0       
   0       
   0       
   0       
   0       
   0       
   0       
   0       
   0       

EFC_FRICTIONLOSS
   0       
   0       
   0       
   0       
   0       
   0       
   0       
   0       
   0       
   0       
   0       
   0       
   0       
   0       
   0       
   0       
   0       
   0       
   0       
   0       
   0       
   0       
   0       

EFC_DIAGAPPROX
   18      
   18      
   18      
   18      
   18      
   18      
   1.4e+04 
   6.2     
   6.2     
   6.2     
   6.2     
   6.2     
   6.2     
   6.2     
   6.2     
   6.2     
   6.2     
   6.2     
   6.2     
   6.2     
   6.2     
   6.2     
   6.2     

EFC_KBIP
   4.1e+04   4e+02     0.95      1.8     
   4.1e+04   4e+02     0.95      1.8     
   4.1e+04   4e+02     0.95      1.8     
   4.1e+04   4e+02     0.95      1.8     
   4.1e+04   4e+02     0.95      1.8     
   4.1e+04   4e+02     0.95      1.8     
   4.1e+04   4e+02     0.95     -0.00051 
   2.8e+03   1.1e+02   0.9      -2.2     
   2.8e+03   1.1e+02   0.9      -2.2     
   2.8e+03   1.1e+02   0.9      -2.2     
   2.8e+03   1.1e+02   0.9      -2.2     
   2.8e+03   1.1e+02   0.9      -2.2     
   2.8e+03   1.1e+02   0.9      -2.2     
   2.8e+03   1.1e+02   0.9      -2.2     
   2.8e+03   1.1e+02   0.9      -2.2     
   2.8e+03   1.1e+02   0.9      -2.2     
   2.8e+03   1.1e+02   0.9      -2.2     
   2.8e+03   1.1e+02   0.9      -2.2     
   2.8e+03   1.1e+02   0.9      -2.2     
   2.8e+03   1.1e+02   0.9      -2.2     
   2.8e+03   1.1e+02   0.9      -2.2     
   2.8e+03   1.1e+02   0.9      -2.2     
   2.8e+03   1.1e+02   0.9      -2.2     

EFC_D
   1.1     
   1.1     
   1.1     
   1.1     
   1.1     
   1.1     
   0.0013  
   1.4     
   1.4     
   1.4     
   1.4     
   1.4     
   1.4     
   1.4     
   1.4     
   1.4     
   1.4     
   1.4     
   1.4     
   1.4     
   1.4     
   1.4     
   1.4     

EFC_R
   0.92    
   0.92    
   0.92    
   0.92    
   0.92    
   0.92    
   7.6e+02 
   0.69    
   0.69    
   0.69    
   0.69    
   0.69    
   0.69    
   0.69    
   0.69    
   0.69    
   0.69    
   0.69    
   0.69    
   0.69    
   0.69    
   0.69    
   0.69    

TEN_VELOCITY
   3e-06   

ACTUATOR_VELOCITY
   3e-06   

CVEL
   0         0         0         0         0         0       
   0         0         0         0         0         0       
   0         0         0         0         0         0       
   0         0         0         0         0         0       
   0         0         1e-05     4.4e-07   1.6e-06   0       
   9.8e-07  -3.9e-06   1e-05    -1.6e-07   1.5e-06   5.7e-07 
  -6.2e-06   2.5e-05   1e-05    -7.2e-06  -2.8e-07  -1.2e-06 
  -4.1e-09   1.6e-08   1e-05    -6.8e-06  -1.6e-07  -7.3e-06 
   3.7e-09   1.8e-08   1e-05    -6.8e-06  -1.6e-07  -7.3e-06 
   3.7e-09   1.8e-08  -2e-09    -7.2e-06   3.4e-06  -7.3e-06 
   3.7e-09   1.8e-08  -2e-09    -7.2e-06   3.4e-06  -7.3e-06 
   3.7e-09   1.8e-08  -2e-09    -7.2e-06   3.4e-06  -7.3e-06 
   3.7e-09   1.8e-08  -2e-09    -7.2e-06   3.4e-06  -7.3e-06 
   3.2e-06   1.8e-08  -2e-09    -7.2e-06   2.8e-06  -7.4e-06 
   3.1e-06   1.8e-08  -2e-09    -7.2e-06   2.9e-06  -7.4e-06 
  -1.7e-07   1.8e-08  -2e-09    -7.2e-06   3.6e-06  -7.5e-06 
  -3e-06     1.8e-08  -2e-09    -7.2e-06   4e-06    -7.2e-06 
  -2.9e-06   1.8e-08  -2e-09    -7.2e-06   3.9e-06  -7.1e-06 
   3.1e-07   1.8e-08  -2e-09    -7.2e-06   3.2e-06  -7.5e-06 
  -1e-15    -3.1e-16   1.3e-17  -4.3e-18   1.5e-17   4.5e-16 

CDOF_DOT
   0         0         0         0         0         0       
   1e-05     2.5e-06  -0         3.9e-07  -1.6e-06  -8.3e-07 
  -1e-05    -2.5e-06   0         3e-07    -2.6e-06  -7.8e-07 
   1e-05     2.5e-06  -1.7e-21  -7.2e-06  -1.6e-06   6.6e-06 
  -2.5e-06   1e-05    -1.7e-08   1.6e-06  -7.2e-06  -1.5e-06 
  -1.8e-08   3.7e-09   1.8e-16  -3.4e-06  -7.2e-06   2e-09   
  -1.8e-16  -2e-09    -1.8e-08  -8.5e-10  -7.3e-06  -3.4e-06 
  -1.8e-16  -2e-09    -1.8e-08  -4.6e-10  -7.3e-06  -3.4e-06 
   1.8e-16   2e-09     1.8e-08  -1.7e-10   7.5e-06   3.5e-06 
   1.8e-16   2e-09     1.8e-08   1.4e-09   7.3e-06   3.4e-06 
   1.8e-16   2e-09     1.8e-08   1.8e-09   7.3e-06   3.4e-06 
  -1.8e-16  -2e-09    -1.8e-08  -2.6e-09  -7.5e-06  -3.3e-06 
   0         0         0         0         0         0       
   0         0         0         0         0         0       
   0         0         0         0         0         0       
   0         0        -0         2.8e-34   4.5e-16   5.7e-18 
   0         0         0        -4.5e-16   1.3e-34   1.9e-18 
   0        -0         0        -5.7e-18  -1.9e-18  -1.6e-34 

QFRC_BIAS
  -5.7e-10 
   36      
  -24      
   3.1     
   0.011   
  -1.3e-10 
  -0.012   
  -0.014   
  -0.0066  
  -0.012   
  -0.014   
  -0.0066  
  -1.6e-35 
  -5e-36   
   0.63    
  -1e-18   
  -9.7e-37 
   1.6e-36 

QFRC_SPRING
   0       
   0       
   0       
   0       
   0       
   0       
   0       
   0       
   0       
   0       
   0       
   0       
   0       
   0       
   0       
   0       
   0       
   0       

QFRC_DAMPER
   0       
   0       
   0       
   0       
   0       
   0       
   0       
   0       
   0       
   0       
   0       
   0       
   0       
   0       
   0       
   0       
   0       
   0       

QFRC_GRAVCOMP
   0       
   0       
   0       
   0       
   0       
   0       
   0       
   0       
   0       
   0       
   0       
   0       
   0       
   0       
   0       
   0       
   0       
   0       

QFRC_FLUID
   0       
   0       
   0       
   0       
   0       
   0       
   0       
   0       
   0       
   0       
   0       
   0       
   0       
   0       
   0       
   0       
   0       
   0       

QFRC_PASSIVE
   0       
   0       
   0       
   0       
   0       
   0       
   0       
   0       
   0       
   0       
   0       
   0       
   0       
   0       
   0       
   0       
   0       
   0       

EFC_VEL
  -8.8e-14 
  -5.7e-09 
   6.6e-10 
  -4.4e-14 
   5.5e-09 
  -3.1e-09 
   1.6e-07 
   4.6e-16 
   4.7e-16 
   4.6e-16 
   4.6e-16 
   4.7e-16 
   4.8e-16 
   4.7e-16 
   4.8e-16 
   4.2e-16 
   4.3e-16 
   4.2e-16 
   4.2e-16 
   4.3e-16 
   4.4e-16 
   4.3e-16 
   4.4e-16 

EFC_AREF
   1.9e-09 
   0.42    
   0.14    
   9.3e-10 
  -0.42    
   0.14    
   5.6e-05 
   0.027   
   0.027   
   0.027   
   0.027   
   0.027   
   0.027   
   0.027   
   0.027   
   0.027   
   0.027   
   0.027   
   0.027   
   0.027   
   0.027   
   0.027   
   0.027   

SUBTREE_LINVEL
   0         0         0       
   0         0         0       
   0         0         0       
   0         0         0       
   0         0         0       
   0         0         0       
   0         0         0       
   0         0         0       
   0         0         0       
   0         0         0       
   0         0         0       
   0         0         0       
   0         0         0       
   0         0         0       
   0         0         0       
   0         0         0       
   0         0         0       
   0         0         0       
   0         0         0       
   0         0         0       

SUBTREE_ANGMOM
   0         0         0       
   0         0         0       
   0         0         0       
   0         0         0       
   0         0         0       
   0         0         0       
   0         0         0       
   0         0         0       
   0         0         0       
   0         0         0       
   0         0         0       
   0         0         0       
   0         0         0       
   0         0         0       
   0         0         0       
   0         0         0       
   0         0         0       
   0         0         0       
   0         0         0       
   0         0         0       

ACTUATOR_FORCE
  -0.065   

QFRC_ACTUATOR
   0       
   0       
   0       
   0       
   0       
   0       
   0       
  -0.033   
   0       
   0       
  -0.033   
   0       
   0       
   0       
   0       
   0       
   0       
   0       

QFRC_SMOOTH
   0.00019 
  -0.00088 
  -0.00024 
   3.8e-05 
  -4.9e-06 
   2.2e-07 
   0.012   
  -0.018   
   0.0066  
   0.012   
  -0.018   
   0.0066  
  -3.7e-35 
  -8.1e-36 
  -0.63    
   1e-18   
  -4.8e-38 
  -9.9e-37 

QACC_SMOOTH
  -0.0018  
   0.04    
  -0.041   
   0.29    
   0.024   
  -0.036   
   1.8e+02 
  -78      
   1.3e+02 
   1.8e+02 
  -77      
   1.3e+02 
  -5.8e-34 
  -3.7e-100
  -9.8     
   3.2e-30 
   0       
  -3.3e-47 

EFC_B
   1.7e-06 
  -12      
   5.5     
   9.7e-07 
   12      
   5.6     
  -0.96    
  -9.8     
  -9.8     
  -9.8     
  -9.8     
  -9.8     
  -9.8     
  -9.8     
  -9.8     
  -9.8     
  -9.8     
  -9.8     
  -9.8     
  -9.8     
  -9.8     
  -9.8     
  -9.8     

EFC_FORCE
   2e-09   
   0.45    
   0.15    
   1e-09   
  -0.45    
   0.15    
   9.3e-08 
   0.039   
   0.039   
   0.039   
   0.039   
   0.039   
   0.039   
   0.039   
   0.039   
   0.039   
   0.039   
   0.039   
   0.039   
   0.039   
   0.039   
   0.039   
   0.039   

EFC_STATE
  1
  1
  1
  1
  1
  1
  1
  1
  1
  1
  1
  1
  1
  1
  1
  1
  1
  1
  1
  1
  1
  1
  1

QFRC_CONSTRAINT
   1.9e-16 
   4.5e-12 
  -4.5e-12 
   4.5e-12 
   1.8e-11 
  -1.9e-16 
  -0.012   
   0.018   
  -0.0066  
  -0.012   
   0.018   
  -0.0066  
   4.2e-17 
  -1.5e-16 
   0.63    
   2.9e-18 
   3.3e-19 
   3.3e-19 

QFRC_INVERSE
   0       
   0       
   0       
   0       
   0       
   0       
   0       
   0       
   0       
   0       
   0       
   0       
   0       
   0       
   0       
   0       
   0       
   0       

CACC
   0         0         0         0         0         0       
   0         0         0         0         0         0       
   0         0         0         0         0         0       
   0         0         0         0         0         0       
   0         0         0         0         0         0       
   0         0         0         0         0         0       
   0         0         0         0         0         0       
   0         0         0         0         0         0       
   0         0         0         0         0         0       
   0         0         0         0         0         0       
   0         0         0         0         0         0       
   0         0         0         0         0         0       
   0         0         0         0         0         0       
   0         0         0         0         0         0       
   0         0         0         0         0         0       
   0         0         0         0         0         0       
   0         0         0         0         0         0       
   0         0         0         0         0         0       
   0         0         0         0         0         0       
   0         0         0         0         0         0       

CFRC_INT
   0         0         0         0         0         0       
   0         0         0         0         0         0       
   0         0         0         0         0         0       
   0         0         0         0         0         0       
   0         0         0         0         0         0       
   0         0         0         0         0         0       
   0         0         0         0         0         0       
   0         0         0         0         0         0       
   0         0         0         0         0         0       
   0         0         0         0         0         0       
   0         0         0         0         0         0       
   0         0         0         0         0         0       
   0         0         0         0         0         0       
   0         0         0         0         0         0       
   0         0         0         0         0         0       
   0         0         0         0         0         0       
   0         0         0         0         0         0       
   0         0         0         0         0         0       
   0         0         0         0         0         0       
   0         0         0         0         0         0       

CFRC_EXT
   0         0         0         0         0         0       
   0         0         0         0         0         0       
   0         0         0         0         0         0       
   0         0         0         0         0         0       
   0         0         0         0         0         0       
   0         0         0         0         0         0       
   0         0         0         0         0         0       
   0         0         0         0         0         0       
   0         0         0         0         0         0       
   0         0         0         0         0         0       
   0         0         0         0         0         0       
   0         0         0         0         0         0       
   0         0         0         0         0         0       
   0         0         0         0         0         0       
   0         0         0         0         0         0       
   0         0         0         0         0         0       
   0         0         0         0         0         0       
   0         0         0         0         0         0       
   0         0         0         0         0         0       
   0         0         0         0         0         0       

TENDON_EFCADR         -1

